Pixels scraped off datasheet graph to construct table. Note everything is in standard graphics coordinates
[CALIBRATION]
(0V,0.00 waves) = (152,300) px
(0V,0.75 waves) = (152,43) px
(0V,0.50 waves) = (152,129) px
(0V,0.25 waves) = (152,214) px
(5V,0.00 waves) = (245,300) px
(10V,0.00 waves) = (338,300) px
(15V,0.00 waves) = (432,300) px
(20V,0.00 waves) = (524,300) px
[DATA]
153,82
154,82
155,82
156,82
157,82
158,82
159,82
160,82
161,82
162,82
163,82
164,82
165,82
166,83
167,83
168,83
169,84
170,85
171,86
172,89
173,94
174,99
175,105
176,110
177,118
178,124
179,132
180,136
181,146
182,155
183,160
184,166
185,173
186,181
187,186
188,190
189,195
190,200
191,203
192,207
193,211
194,215
195,217
196,220
197,223
198,225
199,228
200,230
201,232
202,235
203,236
204,238
205,240
206,242
207,244
208,245
209,246
210,248
211,250
212,251
213,252
214,253
215,254
216,255
217,256
218,257
219,257
220,258
221,259
222,259
223,260
224,260
225,261
226,262
227,262
228,263
229,263
230,264
231,264
232,265
233,265
234,266
235,266
236,267
237,267
238,267
239,268
240,268
241,269
242,269
243,270
244,270
245,271
246,271
247,271
248,272
249,272
250,273
251,273
252,273
253,274
254,274
255,274
256,275
257,275
258,275
259,275
260,275
261,275
262,276
263,276
264,277
265,277
266,277
267,277
268,277
269,277
270,277
271,277
272,277
273,277
274,277
275,278
276,278
277,278
278,279
279,279
280,279
281,279
282,279
283,279
284,279
285,279
286,280
287,280
288,280
289,280
290,280
291,280
292,281
293,281
294,281
295,281
296,281
297,281
298,281
299,282
300,282
301,282
302,282
303,282
304,282
305,282
306,283
307,283
308,283
309,283
310,283
311,283
312,283
313,283
314,284
315,284
316,284
317,284
318,284
319,284
320,284
321,284
322,285
323,285
324,285
325,285
326,285
327,285
328,285
329,285
330,285
331,286
332,286
333,286
334,286
335,286
336,286
337,286
338,286
339,286
340,286
341,286
342,287
343,287
344,287
345,287
346,287
347,287
348,287
349,287
350,287
351,287
352,287
353,287
354,287
355,287
356,287
357,288
358,288
359,288
360,288
361,288
362,288
363,288
364,288
365,288
366,288
367,288
368,288
369,288
370,288
371,288
372,288
373,288
374,288
375,288
376,288
377,288
378,288
379,288
380,288
381,288
382,288
383,288
384,288
385,288
386,288
387,288
388,288
389,288
390,288
391,289
392,289
393,289
394,289
395,289
396,289
397,289
398,289
399,289
400,289
401,289
402,289
403,289
404,289
405,289
406,289
407,289
408,289
409,289
410,289
411,289
412,289
413,289
414,289
415,289
416,290
417,290
418,290
419,290
420,290
421,290
422,290
423,290
424,290
425,290
426,290
427,290
428,290
429,290
430,290
431,290
432,290
433,290
434,290
435,290
436,290
437,290
438,290
439,290
440,290
441,290
442,290
443,290
444,290
445,290
446,290
447,290
448,291
449,291
450,291
451,291
452,291
453,291
454,291
455,291
456,291
457,291
458,291
459,291
460,291
461,291
462,291
463,291
464,291
465,291
466,291
467,291
468,291
469,291
470,291
471,291
472,291
473,291
474,291
475,291
476,291
477,291
478,291
479,291
480,291
481,292
482,292
483,292
484,292
485,292
486,292
487,292
488,292
489,292
490,292
491,292
492,292
493,292
494,292
495,292
496,292
497,292
498,292
499,292
500,292
501,292
502,292
503,292
504,292
505,292
506,292
507,292
508,292
509,292
510,292
511,292
512,292
513,292
514,292
515,292
516,293
517,293
518,293
519,293
520,293
521,294

