0.0000	538.2454	0.8503
200.0000	538.1137	0.8501
400.0000	538.2305	0.8503
600.0000	537.8862	0.8497
800.0000	537.9074	0.8498
800.0002	537.7714	0.8496
800.0005	538.0447	0.8500
800.0013	538.0136	0.8499
800.0025	537.7341	0.8495
800.0045	538.1154	0.8501
800.0074	538.2407	0.8503
800.0117	538.2349	0.8503
800.0179	538.2156	0.8503
800.0264	537.9669	0.8499
800.0377	538.0618	0.8500
800.0527	538.0640	0.8500
800.0721	538.0416	0.8500
800.0969	538.1788	0.8502
800.1280	537.9088	0.8498
800.1666	537.9244	0.8498
800.2140	538.0796	0.8500
800.2716	538.2809	0.8504
800.3411	538.0624	0.8500
800.4240	538.2278	0.8503
800.5223	537.9343	0.8498
800.6380	538.0250	0.8500
800.7734	538.0905	0.8501
800.9308	537.9949	0.8499
801.1130	538.0099	0.8499
801.3225	538.3568	0.8505
801.5625	537.8346	0.8497
801.8361	538.0458	0.8500
802.1468	537.9461	0.8498
802.4982	538.1229	0.8501
802.8941	538.2576	0.8503
803.3387	537.9518	0.8498
803.8364	538.0520	0.8500
804.3917	537.9631	0.8499
805.0095	537.9949	0.8499
805.6949	537.8194	0.8496
806.4534	538.0400	0.8500
807.2906	538.0416	0.8500
808.2125	538.4124	0.8506
809.2255	537.9626	0.8499
810.3360	537.9995	0.8499
811.5509	537.9036	0.8498
812.8775	537.9026	0.8498
814.3233	538.2680	0.8503
815.8961	538.2544	0.8503
817.6041	538.0826	0.8501
819.4559	538.0479	0.8500
821.4603	538.0941	0.8501
823.6266	537.8875	0.8497
825.9644	537.9305	0.8498
828.4838	537.9579	0.8499
831.1949	537.9456	0.8498
834.1088	538.0974	0.8501
837.2363	538.0520	0.8500
840.5892	538.1160	0.8501
844.1794	538.0203	0.8500
848.0192	537.9844	0.8499
852.1216	537.9849	0.8499
856.4996	538.0312	0.8500
861.1669	538.0848	0.8501
866.1377	537.6340	0.8493
871.4266	538.1281	0.8501
877.0485	537.9348	0.8498
883.0189	538.0151	0.8499
889.3539	537.9470	0.8498
896.0698	538.0411	0.8500
903.1836	537.8298	0.8497
910.7126	537.8628	0.8497
918.6750	537.8130	0.8496
927.0889	537.7509	0.8495
935.9734	537.7773	0.8496
945.3481	537.4857	0.8491
955.2328	537.9210	0.8498
965.6481	537.6869	0.8494
976.6151	537.7401	0.8495
988.1553	537.7661	0.8496
1000.2911	537.6976	0.8494
1013.0452	537.6288	0.8493
1026.4408	537.6389	0.8494
1040.5020	537.8898	0.8497
1055.2531	537.9423	0.8498
1070.7194	537.6716	0.8494
1086.9263	537.5656	0.8492
1103.9004	537.3655	0.8489
1121.6683	537.4230	0.8490
1140.2579	537.3124	0.8488
1159.6971	537.0912	0.8485
1180.0148	537.0755	0.8485
1201.2404	536.9808	0.8483
1223.4039	537.0491	0.8484
1246.5363	536.4727	0.8475
1270.6688	536.4410	0.8475
1295.8336	535.5756	0.8461
1322.0635	535.2092	0.8455
1349.3917	533.8640	0.8434
1377.8527	532.8714	0.8418
1407.4811	532.3925	0.8411
1438.3125	531.2513	0.8393
1470.3833	528.8747	0.8355
1503.7303	526.7418	0.8321
1538.3914	522.8647	0.8260
1574.4049	518.0497	0.8184
1611.8101	511.7847	0.8085
1650.6469	504.2467	0.7966
1690.9559	495.3370	0.7825
1732.7789	485.1641	0.7665
1776.1578	473.9659	0.7488
1821.1359	461.5549	0.7292
1867.7567	447.9873	0.7077
1916.0651	434.0371	0.6857
1966.1063	419.5410	0.6628
2017.9265	404.6372	0.6392
2071.5730	388.6397	0.6140
2127.0933	373.8781	0.5906
2184.5361	358.5263	0.5664
2243.9512	335.4557	0.5299
2305.3887	316.0941	0.4994
2434.5366	285.2245	0.4506
2502.3521	267.8886	0.4232
2572.3999	253.2668	0.4001
2644.7349	236.8141	0.3741
2719.4126	221.4309	0.3498
2796.4893	207.1008	0.3272
2876.0225	192.8178	0.3046
2958.0703	179.0388	0.2828
3042.6919	165.5873	0.2616
3129.9478	153.0091	0.2417
3219.8982	140.9797	0.2227
3312.6057	129.4892	0.2046
3408.1331	118.7714	0.1876
3506.5439	108.5069	0.1714
3607.9033	99.0501	0.1565
3712.2771	89.6984	0.1417
3819.7314	81.8500	0.1293
3930.3347	72.7215	0.1149
4044.1553	65.7138	0.1038
4161.2627	59.3432	0.0937
4281.7280	52.7674	0.0834
4405.6226	45.3854	0.0717
4533.0195	37.0483	0.0585
4663.9917	32.2238	0.0509
4798.6152	25.4611	0.0402
4936.9644	22.2621	0.0352
5079.1172	21.1888	0.0335
5225.1514	16.4808	0.0260
5375.1450	9.1775	0.0145
5529.1787	5.6591	0.0089
5687.3335	0.0000	0.0000
6016.3364	-7.6537	-0.0121
6187.3521	-13.7219	-0.0217
6362.8232	-16.0744	-0.0254
6542.8379	-19.0728	-0.0301
6727.4824	-22.2453	-0.0351
6916.8462	-22.3895	-0.0354
7111.0190	-23.9841	-0.0379
7310.0918	-25.8634	-0.0409
7514.1567	-28.2122	-0.0446
7723.3071	-32.0750	-0.0507
7937.6372	-35.5841	-0.0562
8157.2432	-36.7081	-0.0580
8382.2217	-37.9502	-0.0600
8612.6699	-38.7512	-0.0612
8848.6885	-41.2359	-0.0651
9090.3770	-44.7688	-0.0707
9337.8359	-47.3697	-0.0748
9591.1699	-50.5713	-0.0799
9850.4814	-51.6185	-0.0815
10115.8760	-54.4732	-0.0861
10387.4609	-56.0480	-0.0885
10665.3428	-56.1628	-0.0887
10949.6318	-57.5329	-0.0909
11240.4365	-58.6184	-0.0926
11537.8691	-61.1356	-0.0966
11842.0420	-62.0670	-0.0981
12153.0684	-64.0059	-0.1011
12471.0654	-64.2012	-0.1014
12796.1484	-65.4818	-0.1034
13128.4346	-66.1565	-0.1045
13468.0439	-66.8171	-0.1056
13815.0967	-68.9717	-0.1090
14169.7139	-69.4829	-0.1098
14532.0195	-70.4800	-0.1113
14902.1367	-70.9629	-0.1121
15280.1924	-71.1237	-0.1124
15666.3135	-72.3970	-0.1144
16060.6270	-73.5732	-0.1162
16463.2637	-75.4553	-0.1192
16874.3535	-75.7228	-0.1196
17294.0312	-76.7654	-0.1213
17722.4277	-77.1950	-0.1220
18159.6816	-77.5907	-0.1226
18605.9258	-78.0798	-0.1233
19061.3008	-78.4155	-0.1239
19525.9453	-79.2431	-0.1252
20000.0000	-80.4464	-0.1271
