0.0000	569.1579	0.8991
200.0000	569.5190	0.8997
400.0000	569.1697	0.8992
600.0000	569.3387	0.8994
800.0000	568.8217	0.8986
800.0002	569.3079	0.8994
800.0005	569.2595	0.8993
800.0013	569.1964	0.8992
800.0025	569.1590	0.8991
800.0045	569.5636	0.8998
800.0074	569.4224	0.8996
800.0117	569.6619	0.8999
800.0179	569.1141	0.8991
800.0264	569.1622	0.8992
800.0377	569.5491	0.8998
800.0527	569.3987	0.8995
800.0721	568.8939	0.8987
800.0969	569.2263	0.8993
800.1280	569.4255	0.8996
800.1666	568.9818	0.8989
800.2140	568.8217	0.8986
800.2716	569.5190	0.8997
800.3411	569.2124	0.8992
800.4240	569.3936	0.8995
800.5223	569.4115	0.8995
800.6380	569.3699	0.8995
800.7734	569.4985	0.8997
800.9308	569.4730	0.8996
801.1130	569.0961	0.8990
801.3225	569.1953	0.8992
801.5625	569.3655	0.8995
801.8361	569.0267	0.8989
802.1468	569.3215	0.8994
802.4982	569.4051	0.8995
802.8941	569.0373	0.8990
803.3387	569.3323	0.8994
803.8364	569.2971	0.8994
804.3917	569.2563	0.8993
805.0095	569.1953	0.8992
805.6949	569.2017	0.8992
806.4534	569.3846	0.8995
807.2906	569.0694	0.8990
808.2125	569.5268	0.8997
809.2255	569.1121	0.8991
810.3360	569.0001	0.8989
811.5509	569.1334	0.8991
812.8775	569.3259	0.8994
814.3233	569.1793	0.8992
815.8961	569.4236	0.8996
817.6041	568.9543	0.8988
819.4559	569.2488	0.8993
821.4603	569.2488	0.8993
823.6266	569.1067	0.8991
825.9644	569.2648	0.8993
828.4838	569.2146	0.8992
831.1949	569.4761	0.8996
834.1088	569.2350	0.8993
837.2363	569.0630	0.8990
840.5892	569.1526	0.8991
844.1794	569.3055	0.8994
848.0192	569.0938	0.8990
852.1216	568.8947	0.8987
856.4996	569.0084	0.8989
861.1669	569.3015	0.8994
866.1377	569.5364	0.8997
871.4266	569.6204	0.8999
877.0485	569.0566	0.8990
883.0189	569.0258	0.8989
889.3539	569.2927	0.8994
896.0698	569.2584	0.8993
903.1836	569.0649	0.8990
910.7126	568.9205	0.8988
918.6750	569.2231	0.8992
927.0889	569.0373	0.8990
935.9734	568.9309	0.8988
945.3481	569.0916	0.8990
955.2328	568.8826	0.8987
965.6481	568.8826	0.8987
976.6151	569.0810	0.8990
988.1553	568.5195	0.8981
1000.2911	569.2028	0.8992
1013.0452	569.1334	0.8991
1026.4408	568.8264	0.8986
1040.5020	569.1279	0.8991
1055.2531	569.1472	0.8991
1070.7194	568.8915	0.8987
1086.9263	569.0672	0.8990
1103.9004	568.9431	0.8988
1121.6683	568.9108	0.8988
1140.2579	568.9464	0.8988
1159.6971	568.3463	0.8979
1180.0148	568.5066	0.8981
1201.2404	568.8633	0.8987
1223.4039	568.4608	0.8980
1246.5363	568.3629	0.8979
1270.6688	568.4125	0.8980
1295.8336	568.3888	0.8979
1322.0635	567.7106	0.8969
1349.3917	567.6938	0.8968
1377.8527	567.2693	0.8962
1407.4811	566.7873	0.8954
1438.3125	565.9448	0.8941
1470.3833	565.1021	0.8927
1503.7303	564.5087	0.8918
1538.3914	564.1379	0.8912
1574.4049	562.7568	0.8890
1611.8101	558.2614	0.8819
1650.6469	554.2283	0.8756
1690.9559	547.8020	0.8654
1732.7789	539.9423	0.8530
1776.1578	528.3325	0.8346
1821.1359	516.7449	0.8163
1867.7567	504.2896	0.7967
1916.0651	492.0870	0.7774
1966.1063	478.2449	0.7555
2017.9265	462.8679	0.7312
2071.5730	444.4888	0.7022
2127.0933	428.1009	0.6763
2184.5361	411.4520	0.6500
2243.9512	394.4292	0.6231
2305.3887	377.4086	0.5962
2368.8997	356.8160	0.5637
2434.5366	336.9392	0.5323
2502.3521	316.0941	0.4994
2644.7349	283.7962	0.4483
2719.4126	262.6849	0.4150
2796.4893	246.0627	0.3887
2876.0225	229.9710	0.3633
2958.0703	214.1821	0.3384
3042.6919	198.1858	0.3131
3129.9478	183.4875	0.2899
3219.8982	169.8040	0.2683
3312.6057	156.6129	0.2474
3408.1331	144.0142	0.2275
3506.5439	133.1206	0.2103
3607.9033	121.7154	0.1923
3712.2771	111.4476	0.1761
3819.7314	102.6680	0.1622
3930.3347	93.7867	0.1482
4044.1553	85.6219	0.1353
4161.2627	77.1558	0.1219
4281.7280	69.3724	0.1096
4405.6226	62.8627	0.0993
4533.0195	56.3009	0.0889
4663.9917	51.9690	0.0821
4798.6152	43.5346	0.0688
4936.9644	37.0593	0.0585
5079.1172	32.7344	0.0517
5225.1514	26.6601	0.0421
5375.1450	24.4140	0.0386
5529.1787	21.4089	0.0338
5687.3335	17.9163	0.0283
5849.6919	9.1867	0.0145
6016.3364	6.7019	0.0106
6187.3521	0.0000	0.0000
6542.8379	-8.9366	-0.0141
6727.4824	-12.2736	-0.0194
6916.8462	-14.8983	-0.0235
7111.0190	-19.4681	-0.0308
7310.0918	-23.2261	-0.0367
7514.1567	-23.1438	-0.0366
7723.3071	-24.1531	-0.0382
7937.6372	-25.0073	-0.0395
8157.2432	-27.9435	-0.0441
8382.2217	-32.0907	-0.0507
8612.6699	-34.0104	-0.0537
8848.6885	-36.6556	-0.0579
9090.3770	-36.2330	-0.0572
9337.8359	-37.9716	-0.0600
9591.1699	-39.8542	-0.0630
9850.4814	-43.2172	-0.0683
10115.8760	-46.6478	-0.0737
10387.4609	-48.5127	-0.0766
10665.3428	-50.7447	-0.0802
10949.6318	-52.8186	-0.0834
11240.4365	-53.6555	-0.0848
11537.8691	-54.3089	-0.0858
11842.0420	-55.3385	-0.0874
12153.0684	-57.3040	-0.0905
12471.0654	-58.6782	-0.0927
12796.1484	-60.7736	-0.0960
13128.4346	-61.7793	-0.0976
13468.0439	-61.9645	-0.0979
13815.0967	-62.5486	-0.0988
14169.7139	-64.5061	-0.1019
14532.0195	-66.5179	-0.1051
14902.1367	-67.4654	-0.1066
15280.1924	-67.7770	-0.1071
15666.3135	-68.5452	-0.1083
16060.6270	-68.7175	-0.1086
16463.2637	-69.7451	-0.1102
16874.3535	-70.7767	-0.1118
17294.0312	-72.5617	-0.1146
17722.4277	-73.4147	-0.1160
18159.6816	-74.1127	-0.1171
18605.9258	-74.3374	-0.1174
19061.3008	-74.5445	-0.1178
19525.9453	-74.9677	-0.1184
20000.0000	-76.0155	-0.1201
